2010 1 25
2010 2 5
2010 2 6
2010 3 3
2010 3 29
2010 5 17
2010 5 18
2010 5 23
2010 8 5
2010 8 18
2010 9 27
2010 9 29
2010 10 1
2010 10 28
2011 1 17
2011 1 18
2011 1 26
2011 2 5
2011 3 6
2011 6 11
2011 7 6
2011 7 7
2011 7 25
2011 8 13
2011 9 15
2011 9 17
2011 9 21
2011 9 23
2011 10 19
2012 4 22
2012 5 9
2012 5 15
2012 5 30
2012 6 22
2012 7 11
2012 7 21
2012 8 20
2012 10 8
2012 10 27
2012 10 28
2012 10 29
2012 12 16
2012 12 26
2012 12 29
2013 1 17
2013 2 8
2013 2 16
2013 2 23
2013 2 26
2013 3 6
2013 3 24
2013 4 20
2013 4 29
2013 5 18
2013 6 7
2013 6 10
2013 8 18
2013 9 22
2013 10 9
2013 10 10
2013 11 7
2013 11 26
2013 11 27
2013 12 8
2013 12 10
2013 12 14
2013 12 23
2013 12 29
2014 1 14
2014 2 1
2014 2 5
2014 2 13
2014 3 7
2014 3 17
2014 3 18
2014 3 25
2014 3 29
2014 4 28
2014 8 2
2014 9 8
2014 9 9
2014 9 24
2014 11 26
2014 12 6
2014 12 22
2014 12 24
2014 12 29
2015 5 1
2015 6 26
2015 9 26
2015 10 1
2015 10 2
2015 11 2
2015 11 9
2015 12 23
2015 12 30
2016 1 17
2016 1 23
2016 2 4