2010 1 25 0
2010 1 25 0
2010 1 25 0
2010 1 25 0
2010 1 25 0.005
2010 1 25 0.03
2010 1 25 0.135
2010 1 25 0.15000000000000002
2010 1 25 0.63
2010 1 25 0.33
2010 1 25 0.065
2010 1 25 0
2010 1 25 0
2010 1 25 0
2010 1 25 0
2010 1 25 0
2010 1 25 0
2010 1 25 0
2010 1 25 0
2010 1 25 0
2010 1 25 0
2010 1 25 0
2010 1 25 0
2010 1 25 0
2010 2 5 0
2010 2 5 0
2010 2 5 0
2010 2 5 0
2010 2 5 0
2010 2 5 0
2010 2 5 0
2010 2 5 0
2010 2 5 0
2010 2 5 0
2010 2 5 0
2010 2 5 0
2010 2 5 0
2010 2 5 0
2010 2 5 0.05
2010 2 5 0.13
2010 2 5 0.03
2010 2 5 0.06
2010 2 5 0.03
2010 2 5 0.045
2010 2 5 0.10500000000000001
2010 2 5 0.19
2010 2 5 0.25
2010 2 5 0.445
2010 2 6 0.495
2010 2 6 0.355
2010 2 6 0.005
2010 2 6 0.025
2010 2 6 0.01
2010 2 6 0
2010 2 6 0.02
2010 2 6 0.025
2010 2 6 0.03
2010 2 6 0.03
2010 2 6 0.02
2010 2 6 0.025
2010 2 6 0.025
2010 2 6 0.015
2010 2 6 0.005
2010 2 6 0
2010 2 6 0
2010 2 6 0
2010 2 6 0.01
2010 2 6 0
2010 2 6 0
2010 2 6 0
2010 2 6 0
2010 2 6 0
2010 3 3 0.07500000000000001
2010 3 3 0.10500000000000001
2010 3 3 0.135
2010 3 3 0.14500000000000002
2010 3 3 0.10500000000000001
2010 3 3 0.09000000000000001
2010 3 3 0.08499999999999999
2010 3 3 0.095
2010 3 3 0.065
2010 3 3 0.05
2010 3 3 0.005
2010 3 3 0
2010 3 3 0
2010 3 3 0
2010 3 3 0
2010 3 3 0
2010 3 3 0
2010 3 3 0
2010 3 3 0
2010 3 3 0.015
2010 3 3 0.015
2010 3 3 0.005
2010 3 3 0
2010 3 3 0.005
2010 3 29 0
2010 3 29 0
2010 3 29 0
2010 3 29 0.16
2010 3 29 0.29
2010 3 29 1.02
2010 3 29 0.33
2010 3 29 0.22000000000000003
2010 3 29 0.29500000000000004
2010 3 29 0.245
2010 3 29 0.065
2010 3 29 0.09000000000000001
2010 3 29 0.075
2010 3 29 0.025
2010 3 29 0
2010 3 29 0
2010 3 29 0.005
2010 3 29 0
2010 3 29 0
2010 3 29 0
2010 3 29 0
2010 3 29 0
2010 3 29 0.005
2010 3 29 0
2010 5 17 0
2010 5 17 0
2010 5 17 0
2010 5 17 0
2010 5 17 0.025
2010 5 17 0
2010 5 17 0
2010 5 17 0
2010 5 17 0
2010 5 17 0
2010 5 17 0
2010 5 17 0.01
2010 5 17 0.05
2010 5 17 0.155
2010 5 17 0.06
2010 5 17 0.19
2010 5 17 0.17999999999999997
2010 5 17 0.07
2010 5 17 0.07
2010 5 17 0.01
2010 5 17 0.13
2010 5 17 0.06999999999999999
2010 5 17 0.135
2010 5 17 0.23
2010 5 18 0.41000000000000003
2010 5 18 0.15
2010 5 18 0.060000000000000005
2010 5 18 0.14500000000000002
2010 5 18 0.035
2010 5 18 0.085
2010 5 18 0.01
2010 5 18 0.005
2010 5 18 0.07
2010 5 18 0.14
2010 5 18 0.015
2010 5 18 0
2010 5 18 0
2010 5 18 0
2010 5 18 0
2010 5 18 0
2010 5 18 0
2010 5 18 0
2010 5 18 0
2010 5 18 0
2010 5 18 0
2010 5 18 0
2010 5 18 0
2010 5 18 0
2010 5 23 0
2010 5 23 0
2010 5 23 0
2010 5 23 0
2010 5 23 0
2010 5 23 0.07
2010 5 23 0
2010 5 23 0.045000000000000005
2010 5 23 0
2010 5 23 0
2010 5 23 0
2010 5 23 0
2010 5 23 0.23
2010 5 23 0.295
2010 5 23 0
2010 5 23 0
2010 5 23 0
2010 5 23 0.005
2010 5 23 0
2010 5 23 0
2010 5 23 0
2010 5 23 0
2010 5 23 0
2010 5 23 0
2010 8 5 0.09000000000000001
2010 8 5 0
2010 8 5 0.01
2010 8 5 0
2010 8 5 0
2010 8 5 0
2010 8 5 0
2010 8 5 0
2010 8 5 0
2010 8 5 0
2010 8 5 0
2010 8 5 0
2010 8 5 0
2010 8 5 0
2010 8 5 0
2010 8 5 0
2010 8 5 0
2010 8 5 0
2010 8 5 0
2010 8 5 0
2010 8 5 0.8300000000000001
2010 8 5 0.12
2010 8 5 0.03
2010 8 5 0.02
2010 8 18 0
2010 8 18 0
2010 8 18 0
2010 8 18 0
2010 8 18 0
2010 8 18 0
2010 8 18 0
2010 8 18 0
2010 8 18 0
2010 8 18 0
2010 8 18 0
2010 8 18 0
2010 8 18 0
2010 8 18 0.855
2010 8 18 0.02
2010 8 18 0.265
2010 8 18 0.02
2010 8 18 0
2010 8 18 0
2010 8 18 0
2010 8 18 0.005
2010 8 18 0.01
2010 8 18 0
2010 8 18 0
2010 9 27 0.005
2010 9 27 0.07500000000000001
2010 9 27 0.005
2010 9 27 0.07
2010 9 27 0
2010 9 27 0
2010 9 27 0
2010 9 27 0
2010 9 27 0.005
2010 9 27 0
2010 9 27 0.045000000000000005
2010 9 27 0.06
2010 9 27 0.4050000000000001
2010 9 27 0.475
2010 9 27 0.09
2010 9 27 0.005
2010 9 27 0
2010 9 27 0
2010 9 27 0.21500000000000002
2010 9 27 0.42
2010 9 27 0.12000000000000001
2010 9 27 0.025
2010 9 27 0
2010 9 27 0
2010 9 29 0
2010 9 29 0
2010 9 29 0
2010 9 29 0
2010 9 29 0
2010 9 29 0
2010 9 29 0
2010 9 29 0
2010 9 29 0
2010 9 29 0.03
2010 9 29 0.45
2010 9 29 0.05
2010 9 29 0.015
2010 9 29 0.015
2010 9 29 0.015
2010 9 29 0
2010 9 29 0.07500000000000001
2010 9 29 0.065
2010 9 29 0.16
2010 9 29 0.045
2010 9 29 0.005
2010 9 29 0
2010 9 29 0
2010 9 29 0.025
2010 10 1 0.76
2010 10 1 0.02
2010 10 1 0.005
2010 10 1 0.03
2010 10 1 0.005
2010 10 1 0.01
2010 10 1 0
2010 10 1 0
2010 10 1 0
2010 10 1 0
2010 10 1 0.005
2010 10 1 0.295
2010 10 1 0.115
2010 10 1 0.035
2010 10 1 0
2010 10 1 0.005
2010 10 1 0.005
2010 10 1 0
2010 10 1 0
2010 10 1 0
2010 10 1 0
2010 10 1 0
2010 10 1 0
2010 10 1 0
2010 10 28 0.01
2010 10 28 0.365
2010 10 28 0.61
2010 10 28 0.05499999999999999
2010 10 28 0
2010 10 28 0
2010 10 28 0
2010 10 28 0
2010 10 28 0
2010 10 28 0
2010 10 28 0
2010 10 28 0
2010 10 28 0
2010 10 28 0
2010 10 28 0
2010 10 28 0
2010 10 28 0
2010 10 28 0
2010 10 28 0.01
2010 10 28 0
2010 10 28 0
2010 10 28 0
2010 10 28 0
2010 10 28 0
2011 1 17 0
2011 1 17 0
2011 1 17 0
2011 1 17 0
2011 1 17 0
2011 1 17 0
2011 1 17 0
2011 1 17 0
2011 1 17 0
2011 1 17 0
2011 1 17 0
2011 1 17 0
2011 1 17 0
2011 1 17 0
2011 1 17 0
2011 1 17 0
2011 1 17 0.04
2011 1 17 0.09999999999999999
2011 1 17 0.045
2011 1 17 0.08
2011 1 17 0.125
2011 1 17 0.13
2011 1 17 0.135
2011 1 17 0.24000000000000002
2011 1 18 0.43500000000000005
2011 1 18 0.17500000000000002
2011 1 18 0.17000000000000004
2011 1 18 0.030000000000000002
2011 1 18 0
2011 1 18 0
2011 1 18 0
2011 1 18 0
2011 1 18 0
2011 1 18 0
2011 1 18 0
2011 1 18 0
2011 1 18 0
2011 1 18 0
2011 1 18 0
2011 1 18 0
2011 1 18 0
2011 1 18 0
2011 1 18 0
2011 1 18 0
2011 1 18 0
2011 1 18 0
2011 1 18 0
2011 1 18 0
2011 1 26 0.02
2011 1 26 0.06
2011 1 26 0.045
2011 1 26 0.11
2011 1 26 0.33
2011 1 26 0.095
2011 1 26 0.02
2011 1 26 0.035
2011 1 26 0.01
2011 1 26 0.005
2011 1 26 0
2011 1 26 0
2011 1 26 0
2011 1 26 0.005
2011 1 26 0.08499999999999999
2011 1 26 0.005
2011 1 26 0
2011 1 26 0
2011 1 26 0
2011 1 26 0.005
2011 1 26 0
2011 1 26 0
2011 1 26 0
2011 1 26 0
2011 2 5 0
2011 2 5 0
2011 2 5 0
2011 2 5 0
2011 2 5 0
2011 2 5 0
2011 2 5 0.005
2011 2 5 0
2011 2 5 0.025
2011 2 5 0.26
2011 2 5 0.215
2011 2 5 0.125
2011 2 5 0.1
2011 2 5 0.015
2011 2 5 0.005
2011 2 5 0
2011 2 5 0.005
2011 2 5 0
2011 2 5 0
2011 2 5 0
2011 2 5 0
2011 2 5 0
2011 2 5 0
2011 2 5 0
2011 3 6 0
2011 3 6 0
2011 3 6 0
2011 3 6 0
2011 3 6 0.035
2011 3 6 0.03
2011 3 6 0.02
2011 3 6 0
2011 3 6 0
2011 3 6 0.045
2011 3 6 0.07500000000000001
2011 3 6 0.02
2011 3 6 0.07
2011 3 6 0.005
2011 3 6 0.005
2011 3 6 0.30500000000000005
2011 3 6 0.245
2011 3 6 0.07
2011 3 6 0.01
2011 3 6 0
2011 3 6 0
2011 3 6 0
2011 3 6 0
2011 3 6 0
2011 6 11 0
2011 6 11 0
2011 6 11 0
2011 6 11 0
2011 6 11 0
2011 6 11 0
2011 6 11 0
2011 6 11 0
2011 6 11 0.005
2011 6 11 0
2011 6 11 0
2011 6 11 0
2011 6 11 0
2011 6 11 0
2011 6 11 0
2011 6 11 0
2011 6 11 0
2011 6 11 0
2011 6 11 0
2011 6 11 0
2011 6 11 0
2011 6 11 0.795
2011 6 11 0.2
2011 6 11 0.07500000000000001
2011 7 6 0
2011 7 6 0
2011 7 6 0
2011 7 6 0
2011 7 6 0
2011 7 6 0
2011 7 6 0
2011 7 6 0
2011 7 6 0.015
2011 7 6 0
2011 7 6 0.005
2011 7 6 0.01
2011 7 6 0
2011 7 6 0
2011 7 6 0.04
2011 7 6 0.215
2011 7 6 0.005
2011 7 6 0.05
2011 7 6 0.7999999999999999
2011 7 6 0.01
2011 7 6 0
2011 7 6 0
2011 7 6 0
2011 7 6 0.005
2011 7 7 0
2011 7 7 0
2011 7 7 0
2011 7 7 0
2011 7 7 0
2011 7 7 0
2011 7 7 0
2011 7 7 0
2011 7 7 0
2011 7 7 0
2011 7 7 0
2011 7 7 0
2011 7 7 0
2011 7 7 0
2011 7 7 0
2011 7 7 0
2011 7 7 0
2011 7 7 1.17
2011 7 7 0.15999999999999998
2011 7 7 0
2011 7 7 0
2011 7 7 0
2011 7 7 0
2011 7 7 0
2011 7 25 0.055
2011 7 25 0
2011 7 25 0.005
2011 7 25 0
2011 7 25 0
2011 7 25 0
2011 7 25 0
2011 7 25 0
2011 7 25 0
2011 7 25 0
2011 7 25 0
2011 7 25 0.015
2011 7 25 0.105
2011 7 25 0.005
2011 7 25 0
2011 7 25 0
2011 7 25 0
2011 7 25 0.005
2011 7 25 0
2011 7 25 0
2011 7 25 0.6799999999999999
2011 7 25 0.28500000000000003
2011 7 25 0.14500000000000002
2011 7 25 0.03
2011 8 13 0
2011 8 13 0
2011 8 13 0
2011 8 13 0
2011 8 13 0
2011 8 13 0
2011 8 13 0
2011 8 13 0
2011 8 13 0
2011 8 13 0
2011 8 13 0
2011 8 13 0
2011 8 13 0
2011 8 13 0
2011 8 13 0
2011 8 13 0
2011 8 13 0.125
2011 8 13 0.9650000000000001
2011 8 13 0.5900000000000001
2011 8 13 0.425
2011 8 13 0
2011 8 13 0
2011 8 13 0
2011 8 13 0
2011 9 15 0
2011 9 15 0
2011 9 15 0
2011 9 15 0
2011 9 15 0
2011 9 15 0
2011 9 15 0
2011 9 15 0
2011 9 15 0
2011 9 15 0
2011 9 15 0
2011 9 15 0
2011 9 15 0
2011 9 15 0
2011 9 15 0
2011 9 15 0
2011 9 15 0
2011 9 15 0
2011 9 15 0.9349999999999999
2011 9 15 0.55
2011 9 15 0.22000000000000003
2011 9 15 0.07500000000000001
2011 9 15 0.030000000000000002
2011 9 15 0
2011 9 17 0
2011 9 17 0.06
2011 9 17 0.02
2011 9 17 0
2011 9 17 0
2011 9 17 0.005
2011 9 17 0
2011 9 17 0.19
2011 9 17 0.09500000000000001
2011 9 17 0.1
2011 9 17 0.13
2011 9 17 0.08000000000000002
2011 9 17 0.11500000000000002
2011 9 17 0.225
2011 9 17 0.07500000000000001
2011 9 17 0.065
2011 9 17 0.030000000000000002
2011 9 17 0.065
2011 9 17 0.01
2011 9 17 0.005
2011 9 17 0
2011 9 17 0
2011 9 17 0
2011 9 17 0
2011 9 21 0
2011 9 21 0
2011 9 21 0.005
2011 9 21 0.030000000000000002
2011 9 21 0.17
2011 9 21 0.49499999999999994
2011 9 21 0.35500000000000004
2011 9 21 0.16
2011 9 21 0.015
2011 9 21 0.005
2011 9 21 0
2011 9 21 0
2011 9 21 0
2011 9 21 0
2011 9 21 0
2011 9 21 0
2011 9 21 0
2011 9 21 0
2011 9 21 0
2011 9 21 0
2011 9 21 0
2011 9 21 0
2011 9 21 0
2011 9 21 0
2011 9 23 0
2011 9 23 0
2011 9 23 0.015
2011 9 23 0.01
2011 9 23 0.015
2011 9 23 0.005
2011 9 23 0
2011 9 23 0
2011 9 23 0.005
2011 9 23 0
2011 9 23 0
2011 9 23 0.005
2011 9 23 0.03
2011 9 23 0.09
2011 9 23 0.875
2011 9 23 0.005
2011 9 23 0.95
2011 9 23 0.09999999999999999
2011 9 23 0.02
2011 9 23 0
2011 9 23 0
2011 9 23 0
2011 9 23 0
2011 9 23 0
2011 10 19 0
2011 10 19 0.115
2011 10 19 0.195
2011 10 19 0.18
2011 10 19 0.17500000000000002
2011 10 19 0.01
2011 10 19 0.005
2011 10 19 0
2011 10 19 0
2011 10 19 0
2011 10 19 0
2011 10 19 0
2011 10 19 0
2011 10 19 0.005
2011 10 19 0
2011 10 19 0
2011 10 19 0
2011 10 19 0
2011 10 19 0
2011 10 19 0
2011 10 19 0
2011 10 19 0
2011 10 19 0
2011 10 19 0
2012 4 22 0
2012 4 22 0.085
2012 4 22 0.135
2012 4 22 0
2012 4 22 0.005
2012 4 22 0
2012 4 22 0.155
2012 4 22 0.325
2012 4 22 0.12
2012 4 22 0.15000000000000002
2012 4 22 0.125
2012 4 22 0.13
2012 4 22 0.034999999999999996
2012 4 22 0.15000000000000002
2012 4 22 0.215
2012 4 22 0.385
2012 4 22 0.095
2012 4 22 0.01
2012 4 22 0.015
2012 4 22 0.025
2012 4 22 0
2012 4 22 0
2012 4 22 0
2012 4 22 0
2012 5 9 0
2012 5 9 0
2012 5 9 0
2012 5 9 0
2012 5 9 0
2012 5 9 0
2012 5 9 0
2012 5 9 0
2012 5 9 0.025
2012 5 9 0.035
2012 5 9 0.005
2012 5 9 0.005
2012 5 9 0.005
2012 5 9 0.060000000000000005
2012 5 9 0.135
2012 5 9 0.13
2012 5 9 0.115
2012 5 9 0.015
2012 5 9 0.034999999999999996
2012 5 9 0.045
2012 5 9 0.3
2012 5 9 0.22000000000000003
2012 5 9 0.05500000000000001
2012 5 9 0.02
2012 5 15 0
2012 5 15 0
2012 5 15 0
2012 5 15 0
2012 5 15 0
2012 5 15 0
2012 5 15 0
2012 5 15 0.8150000000000001
2012 5 15 0.375
2012 5 15 0
2012 5 15 0.005
2012 5 15 0
2012 5 15 0
2012 5 15 0
2012 5 15 0.01
2012 5 15 0.26
2012 5 15 0.035
2012 5 15 0
2012 5 15 0.025
2012 5 15 0
2012 5 15 0
2012 5 15 0
2012 5 15 0
2012 5 15 0
2012 5 30 0
2012 5 30 0
2012 5 30 0
2012 5 30 0
2012 5 30 0
2012 5 30 0
2012 5 30 0
2012 5 30 0
2012 5 30 0.165
2012 5 30 1.175
2012 5 30 0.21000000000000002
2012 5 30 0.22
2012 5 30 0.085
2012 5 30 0.09500000000000001
2012 5 30 0.09000000000000001
2012 5 30 0.13
2012 5 30 0.09
2012 5 30 0.07999999999999999
2012 5 30 0
2012 5 30 0
2012 5 30 0
2012 5 30 0
2012 5 30 0
2012 5 30 0
2012 6 22 0
2012 6 22 0
2012 6 22 0
2012 6 22 0
2012 6 22 0
2012 6 22 0
2012 6 22 0
2012 6 22 0
2012 6 22 0
2012 6 22 0
2012 6 22 0
2012 6 22 0
2012 6 22 0
2012 6 22 0
2012 6 22 0
2012 6 22 0
2012 6 22 1.415
2012 6 22 0.7600000000000001
2012 6 22 0.20499999999999996
2012 6 22 0.07500000000000001
2012 6 22 0.045
2012 6 22 0.14500000000000002
2012 6 22 0.08
2012 6 22 0.005
2012 7 11 0
2012 7 11 0.42500000000000004
2012 7 11 0.69
2012 7 11 0.73
2012 7 11 0.16
2012 7 11 0.034999999999999996
2012 7 11 0
2012 7 11 0
2012 7 11 0.02
2012 7 11 0.025
2012 7 11 0
2012 7 11 0
2012 7 11 0
2012 7 11 0
2012 7 11 0
2012 7 11 0
2012 7 11 0
2012 7 11 0
2012 7 11 0
2012 7 11 0
2012 7 11 0
2012 7 11 0
2012 7 11 0
2012 7 11 0
2012 7 21 0.015
2012 7 21 0.005
2012 7 21 0
2012 7 21 0
2012 7 21 0
2012 7 21 0
2012 7 21 0
2012 7 21 0
2012 7 21 0
2012 7 21 0
2012 7 21 0
2012 7 21 0
2012 7 21 0.01
2012 7 21 0
2012 7 21 0
2012 7 21 0.27499999999999997
2012 7 21 0.685
2012 7 21 0.10500000000000001
2012 7 21 0.13
2012 7 21 0.060000000000000005
2012 7 21 0.085
2012 7 21 0
2012 7 21 0
2012 7 21 0
2012 8 20 0
2012 8 20 0
2012 8 20 0.025
2012 8 20 0
2012 8 20 0.065
2012 8 20 0.03
2012 8 20 0.04
2012 8 20 0.055
2012 8 20 0.035
2012 8 20 0.385
2012 8 20 0.28
2012 8 20 0.01
2012 8 20 0.01
2012 8 20 0
2012 8 20 0
2012 8 20 0
2012 8 20 0
2012 8 20 0
2012 8 20 0
2012 8 20 0
2012 8 20 0
2012 8 20 0
2012 8 20 0
2012 8 20 0
2012 10 8 0
2012 10 8 0
2012 10 8 0
2012 10 8 0
2012 10 8 0
2012 10 8 0
2012 10 8 0
2012 10 8 0
2012 10 8 0
2012 10 8 0
2012 10 8 0
2012 10 8 0
2012 10 8 0.025
2012 10 8 0.025
2012 10 8 0.01
2012 10 8 0.17
2012 10 8 0.225
2012 10 8 0.26
2012 10 8 0.15
2012 10 8 0.195
2012 10 8 0.015
2012 10 8 0
2012 10 8 0
2012 10 8 0
2012 10 27 0
2012 10 27 0
2012 10 27 0
2012 10 27 0
2012 10 27 0.01
2012 10 27 0
2012 10 27 0
2012 10 27 0
2012 10 27 0
2012 10 27 0
2012 10 27 0
2012 10 27 0
2012 10 27 0
2012 10 27 0.04
2012 10 27 0.015
2012 10 27 0.055
2012 10 27 0.03
2012 10 27 0.025
2012 10 27 0.02
2012 10 27 0.015
2012 10 27 0.025
2012 10 27 0.045000000000000005
2012 10 27 0.11000000000000001
2012 10 27 0.02
2012 10 28 0.05
2012 10 28 0.030000000000000002
2012 10 28 0
2012 10 28 0
2012 10 28 0.02
2012 10 28 0.02
2012 10 28 0.05
2012 10 28 0.17
2012 10 28 0.21
2012 10 28 0.10500000000000001
2012 10 28 0.07
2012 10 28 0.14
2012 10 28 0.14
2012 10 28 0.115
2012 10 28 0.135
2012 10 28 0.1
2012 10 28 0.07
2012 10 28 0.045
2012 10 28 0.07
2012 10 28 0.045
2012 10 28 0.030000000000000002
2012 10 28 0.20500000000000002
2012 10 28 0.14500000000000002
2012 10 28 0.035
2012 10 29 0.025
2012 10 29 0.035
2012 10 29 0.07
2012 10 29 0.13
2012 10 29 0.15000000000000002
2012 10 29 0.18
2012 10 29 0.17
2012 10 29 0.08
2012 10 29 0.06
2012 10 29 0.065
2012 10 29 0.17
2012 10 29 0.215
2012 10 29 0.225
2012 10 29 0.09500000000000001
2012 10 29 0.035
2012 10 29 0.025
2012 10 29 0.025
2012 10 29 0.01
2012 10 29 0.005
2012 10 29 0.005
2012 10 29 0.005
2012 10 29 0.005
2012 10 29 0.005
2012 10 29 0.005
2012 12 16 0.025
2012 12 16 0.075
2012 12 16 0.135
2012 12 16 0.07
2012 12 16 0.14
2012 12 16 0.09999999999999999
2012 12 16 0.01
2012 12 16 0.025
2012 12 16 0.01
2012 12 16 0
2012 12 16 0
2012 12 16 0
2012 12 16 0
2012 12 16 0
2012 12 16 0
2012 12 16 0
2012 12 16 0.01
2012 12 16 0.030000000000000002
2012 12 16 0
2012 12 16 0
2012 12 16 0.01
2012 12 16 0.02
2012 12 16 0.01
2012 12 16 0
2012 12 26 0
2012 12 26 0
2012 12 26 0
2012 12 26 0
2012 12 26 0
2012 12 26 0.01
2012 12 26 0
2012 12 26 0.005
2012 12 26 0.01
2012 12 26 0.17500000000000002
2012 12 26 0.15999999999999998
2012 12 26 0.20500000000000002
2012 12 26 0.19000000000000003
2012 12 26 0.465
2012 12 26 0.48000000000000004
2012 12 26 0.035
2012 12 26 0.22000000000000003
2012 12 26 0.025
2012 12 26 0
2012 12 26 0.095
2012 12 26 0
2012 12 26 0
2012 12 26 0
2012 12 26 0.005
2012 12 29 0
2012 12 29 0
2012 12 29 0
2012 12 29 0
2012 12 29 0
2012 12 29 0.025
2012 12 29 0.05499999999999999
2012 12 29 0.11999999999999998
2012 12 29 0.05
2012 12 29 0.030000000000000002
2012 12 29 0.04
2012 12 29 0.035
2012 12 29 0.02
2012 12 29 0
2012 12 29 0
2012 12 29 0
2012 12 29 0
2012 12 29 0
2012 12 29 0
2012 12 29 0
2012 12 29 0
2012 12 29 0
2012 12 29 0
2012 12 29 0
2013 1 17 0
2013 1 17 0
2013 1 17 0.04
2013 1 17 0.11500000000000002
2013 1 17 0.085
2013 1 17 0.035
2013 1 17 0.030000000000000002
2013 1 17 0.05
2013 1 17 0.065
2013 1 17 0.030000000000000002
2013 1 17 0.045
2013 1 17 0.01
2013 1 17 0.005
2013 1 17 0.025
2013 1 17 0
2013 1 17 0
2013 1 17 0
2013 1 17 0
2013 1 17 0.04
2013 1 17 0.045
2013 1 17 0.09000000000000001
2013 1 17 0.195
2013 1 17 0.11
2013 1 17 0.15
2013 2 8 0.11000000000000001
2013 2 8 0.115
2013 2 8 0.155
2013 2 8 0.13
2013 2 8 0.22999999999999998
2013 2 8 0.24
2013 2 8 0.26
2013 2 8 0.295
2013 2 8 0.22000000000000003
2013 2 8 0.23
2013 2 8 0.08
2013 2 8 0
2013 2 8 0
2013 2 8 0
2013 2 8 0
2013 2 8 0
2013 2 8 0
2013 2 8 0
2013 2 8 0
2013 2 8 0
2013 2 8 0
2013 2 8 0
2013 2 8 0
2013 2 8 0
2013 2 16 0
2013 2 16 0
2013 2 16 0
2013 2 16 0
2013 2 16 0
2013 2 16 0
2013 2 16 0
2013 2 16 0
2013 2 16 0
2013 2 16 0
2013 2 16 0
2013 2 16 0
2013 2 16 0
2013 2 16 0
2013 2 16 0.015
2013 2 16 0.035
2013 2 16 0.08499999999999999
2013 2 16 0.075
2013 2 16 0.045
2013 2 16 0.055
2013 2 16 0.04
2013 2 16 0.045000000000000005
2013 2 16 0.015
2013 2 16 0.005
2013 2 23 0.045
2013 2 23 0.01
2013 2 23 0.015
2013 2 23 0.05
2013 2 23 0.025
2013 2 23 0.02
2013 2 23 0.015
2013 2 23 0.1
2013 2 23 0.24
2013 2 23 0.035
2013 2 23 0.02
2013 2 23 0.055
2013 2 23 0.02
2013 2 23 0
2013 2 23 0
2013 2 23 0
2013 2 23 0
2013 2 23 0
2013 2 23 0
2013 2 23 0
2013 2 23 0
2013 2 23 0
2013 2 23 0
2013 2 23 0
2013 2 26 0
2013 2 26 0
2013 2 26 0
2013 2 26 0
2013 2 26 0
2013 2 26 0
2013 2 26 0
2013 2 26 0
2013 2 26 0
2013 2 26 0
2013 2 26 0
2013 2 26 0
2013 2 26 0.02
2013 2 26 0.055
2013 2 26 0.085
2013 2 26 0.095
2013 2 26 0.18
2013 2 26 0.275
2013 2 26 0.18
2013 2 26 0.175
2013 2 26 0.06999999999999999
2013 2 26 0
2013 2 26 0
2013 2 26 0
2013 3 6 0.255
2013 3 6 0.25
2013 3 6 0.06
2013 3 6 0.015
2013 3 6 0
2013 3 6 0
2013 3 6 0
2013 3 6 0
2013 3 6 0.005
2013 3 6 0
2013 3 6 0
2013 3 6 0
2013 3 6 0
2013 3 6 0.005
2013 3 6 0
2013 3 6 0.015
2013 3 6 0.015
2013 3 6 0.01
2013 3 6 0.02
2013 3 6 0.02
2013 3 6 0.025
2013 3 6 0.034999999999999996
2013 3 6 0
2013 3 6 0
2013 3 24 0
2013 3 24 0
2013 3 24 0
2013 3 24 0
2013 3 24 0
2013 3 24 0
2013 3 24 0
2013 3 24 0
2013 3 24 0
2013 3 24 0
2013 3 24 0
2013 3 24 0
2013 3 24 0.055
2013 3 24 0.02
2013 3 24 0.02
2013 3 24 0.035
2013 3 24 0.08
2013 3 24 0.12
2013 3 24 0.1
2013 3 24 0.065
2013 3 24 0.07
2013 3 24 0.005
2013 3 24 0.025
2013 3 24 0.005
2013 4 20 0.09
2013 4 20 0.035
2013 4 20 0.055
2013 4 20 0.09500000000000001
2013 4 20 0.125
2013 4 20 0.08499999999999999
2013 4 20 0.025
2013 4 20 0
2013 4 20 0
2013 4 20 0
2013 4 20 0
2013 4 20 0
2013 4 20 0
2013 4 20 0
2013 4 20 0
2013 4 20 0
2013 4 20 0
2013 4 20 0
2013 4 20 0
2013 4 20 0
2013 4 20 0
2013 4 20 0
2013 4 20 0
2013 4 20 0
2013 4 29 0
2013 4 29 0.015
2013 4 29 0.065
2013 4 29 0.075
2013 4 29 0.13
2013 4 29 0.055
2013 4 29 0.06
2013 4 29 0.09000000000000001
2013 4 29 0.095
2013 4 29 0.17
2013 4 29 0.24
2013 4 29 0.20500000000000002
2013 4 29 0.030000000000000002
2013 4 29 0.01
2013 4 29 0.07
2013 4 29 0.005
2013 4 29 0.005
2013 4 29 0
2013 4 29 0
2013 4 29 0
2013 4 29 0
2013 4 29 0
2013 4 29 0
2013 4 29 0
2013 5 18 0
2013 5 18 0
2013 5 18 0
2013 5 18 0
2013 5 18 0.365
2013 5 18 0.745
2013 5 18 0.20999999999999996
2013 5 18 0.265
2013 5 18 0.025
2013 5 18 0
2013 5 18 0.005
2013 5 18 0
2013 5 18 0
2013 5 18 0
2013 5 18 0
2013 5 18 0
2013 5 18 0
2013 5 18 0.005
2013 5 18 0.03
2013 5 18 0.045
2013 5 18 0.01
2013 5 18 0
2013 5 18 0
2013 5 18 0
2013 6 7 0
2013 6 7 0
2013 6 7 0
2013 6 7 0
2013 6 7 0.02
2013 6 7 0.05500000000000001
2013 6 7 0.095
2013 6 7 0.155
2013 6 7 0.45
2013 6 7 0.025
2013 6 7 0
2013 6 7 0.09
2013 6 7 0.005
2013 6 7 0
2013 6 7 0.01
2013 6 7 0
2013 6 7 0
2013 6 7 0.005
2013 6 7 0
2013 6 7 0.015
2013 6 7 0.05499999999999999
2013 6 7 0
2013 6 7 0
2013 6 7 0
2013 6 10 0
2013 6 10 0
2013 6 10 0
2013 6 10 0
2013 6 10 0
2013 6 10 0
2013 6 10 0
2013 6 10 0
2013 6 10 0
2013 6 10 0
2013 6 10 0
2013 6 10 0
2013 6 10 0.22
2013 6 10 0
2013 6 10 0.11
2013 6 10 0.36000000000000004
2013 6 10 0.24500000000000002
2013 6 10 0
2013 6 10 0.025
2013 6 10 0.61
2013 6 10 0.05500000000000001
2013 6 10 0.01
2013 6 10 0
2013 6 10 0
2013 8 18 0.01
2013 8 18 0.085
2013 8 18 0.1
2013 8 18 0.02
2013 8 18 0.07
2013 8 18 0.145
2013 8 18 0.02
2013 8 18 0.02
2013 8 18 0.01
2013 8 18 0
2013 8 18 0.01
2013 8 18 0
2013 8 18 0.005
2013 8 18 0.005
2013 8 18 0
2013 8 18 0
2013 8 18 0
2013 8 18 0
2013 8 18 0
2013 8 18 0
2013 8 18 0
2013 8 18 0
2013 8 18 0
2013 8 18 0
2013 9 22 0.025
2013 9 22 0.030000000000000002
2013 9 22 0.235
2013 9 22 0.03
2013 9 22 0.07
2013 9 22 0.04
2013 9 22 0.030000000000000002
2013 9 22 0
2013 9 22 0
2013 9 22 0
2013 9 22 0
2013 9 22 0
2013 9 22 0
2013 9 22 0
2013 9 22 0
2013 9 22 0
2013 9 22 0
2013 9 22 0
2013 9 22 0
2013 9 22 0
2013 9 22 0
2013 9 22 0
2013 9 22 0
2013 9 22 0
2013 10 9 0.02
2013 10 9 0
2013 10 9 0
2013 10 9 0.005
2013 10 9 0.01
2013 10 9 0.03
2013 10 9 0.055
2013 10 9 0.05
2013 10 9 0.095
2013 10 9 0.265
2013 10 9 0.06
2013 10 9 0.14
2013 10 9 0.3
2013 10 9 0.25
2013 10 9 0.44999999999999996
2013 10 9 0.055
2013 10 9 0.16
2013 10 9 0.19
2013 10 9 0.255
2013 10 9 0.32499999999999996
2013 10 9 0.285
2013 10 9 0.1
2013 10 9 0.025
2013 10 9 0.015
2013 10 10 0.01
2013 10 10 0.22999999999999998
2013 10 10 0.01
2013 10 10 0.1
2013 10 10 0.025
2013 10 10 0
2013 10 10 0.045000000000000005
2013 10 10 0.07
2013 10 10 0.07500000000000001
2013 10 10 0.005
2013 10 10 0
2013 10 10 0.09
2013 10 10 0.17
2013 10 10 0.22999999999999998
2013 10 10 0.025
2013 10 10 0.005
2013 10 10 0
2013 10 10 0
2013 10 10 0.005
2013 10 10 0.01
2013 10 10 0.025
2013 10 10 0.030000000000000002
2013 10 10 0.01
2013 10 10 0
2013 11 7 0
2013 11 7 0
2013 11 7 0.02
2013 11 7 0.01
2013 11 7 0.08
2013 11 7 0.18000000000000002
2013 11 7 0.07
2013 11 7 0.015
2013 11 7 0.065
2013 11 7 0.115
2013 11 7 0.045
2013 11 7 0.005
2013 11 7 0
2013 11 7 0
2013 11 7 0
2013 11 7 0
2013 11 7 0
2013 11 7 0
2013 11 7 0
2013 11 7 0
2013 11 7 0
2013 11 7 0
2013 11 7 0
2013 11 7 0
2013 11 26 0
2013 11 26 0
2013 11 26 0
2013 11 26 0
2013 11 26 0
2013 11 26 0
2013 11 26 0
2013 11 26 0
2013 11 26 0
2013 11 26 0
2013 11 26 0
2013 11 26 0
2013 11 26 0
2013 11 26 0
2013 11 26 0.025
2013 11 26 0.095
2013 11 26 0.09499999999999999
2013 11 26 0.085
2013 11 26 0.045
2013 11 26 0.105
2013 11 26 0.025
2013 11 26 0.015
2013 11 26 0.005
2013 11 26 0
2013 11 27 0.04
2013 11 27 0.045
2013 11 27 0.05
2013 11 27 0.01
2013 11 27 0
2013 11 27 0
2013 11 27 0.09
2013 11 27 0.16
2013 11 27 0.15500000000000003
2013 11 27 0.20499999999999996
2013 11 27 0.105
2013 11 27 0.055
2013 11 27 0.07500000000000001
2013 11 27 0.025
2013 11 27 0
2013 11 27 0
2013 11 27 0
2013 11 27 0
2013 11 27 0
2013 11 27 0
2013 11 27 0
2013 11 27 0
2013 11 27 0
2013 11 27 0
2013 12 8 0
2013 12 8 0
2013 12 8 0
2013 12 8 0
2013 12 8 0
2013 12 8 0
2013 12 8 0
2013 12 8 0.005
2013 12 8 0.03
2013 12 8 0.045
2013 12 8 0.10500000000000001
2013 12 8 0.01
2013 12 8 0.025
2013 12 8 0.14500000000000002
2013 12 8 0.02
2013 12 8 0
2013 12 8 0
2013 12 8 0.030000000000000002
2013 12 8 0
2013 12 8 0
2013 12 8 0
2013 12 8 0
2013 12 8 0
2013 12 8 0
2013 12 10 0
2013 12 10 0
2013 12 10 0
2013 12 10 0.02
2013 12 10 0.095
2013 12 10 0.405
2013 12 10 0.22999999999999998
2013 12 10 0.03
2013 12 10 0.034999999999999996
2013 12 10 0.01
2013 12 10 0.025
2013 12 10 0.04
2013 12 10 0.060000000000000005
2013 12 10 0.045
2013 12 10 0
2013 12 10 0
2013 12 10 0
2013 12 10 0
2013 12 10 0
2013 12 10 0
2013 12 10 0
2013 12 10 0
2013 12 10 0
2013 12 10 0
2013 12 14 0
2013 12 14 0
2013 12 14 0
2013 12 14 0
2013 12 14 0
2013 12 14 0
2013 12 14 0
2013 12 14 0
2013 12 14 0
2013 12 14 0
2013 12 14 0
2013 12 14 0
2013 12 14 0
2013 12 14 0.005
2013 12 14 0.025
2013 12 14 0.030000000000000002
2013 12 14 0.02
2013 12 14 0.165
2013 12 14 0.2
2013 12 14 0.02
2013 12 14 0.1
2013 12 14 0.28500000000000003
2013 12 14 0.01
2013 12 14 0.005
2013 12 23 0
2013 12 23 0
2013 12 23 0
2013 12 23 0
2013 12 23 0
2013 12 23 0
2013 12 23 0.175
2013 12 23 0.01
2013 12 23 0.005
2013 12 23 0.015
2013 12 23 0.005
2013 12 23 0.08
2013 12 23 0.07500000000000001
2013 12 23 0
2013 12 23 0.02
2013 12 23 0
2013 12 23 0.01
2013 12 23 0.05
2013 12 23 0.045000000000000005
2013 12 23 0.025
2013 12 23 0.065
2013 12 23 0.16999999999999998
2013 12 23 0.025
2013 12 23 0.060000000000000005
2013 12 29 0
2013 12 29 0.015
2013 12 29 0
2013 12 29 0.005
2013 12 29 0.015
2013 12 29 0
2013 12 29 0
2013 12 29 0.02
2013 12 29 0.1
2013 12 29 0.085
2013 12 29 0.165
2013 12 29 0.18000000000000002
2013 12 29 0.195
2013 12 29 0.01
2013 12 29 0.035
2013 12 29 0.06
2013 12 29 0
2013 12 29 0
2013 12 29 0
2013 12 29 0
2013 12 29 0
2013 12 29 0
2013 12 29 0
2013 12 29 0
2014 1 14 0
2014 1 14 0
2014 1 14 0
2014 1 14 0
2014 1 14 0
2014 1 14 0
2014 1 14 0.01
2014 1 14 0.02
2014 1 14 0.005
2014 1 14 0.025
2014 1 14 0.07500000000000001
2014 1 14 0.049999999999999996
2014 1 14 0.015
2014 1 14 0.065
2014 1 14 0.04
2014 1 14 0.05
2014 1 14 0.01
2014 1 14 0
2014 1 14 0
2014 1 14 0
2014 1 14 0
2014 1 14 0
2014 1 14 0
2014 1 14 0
2014 2 1 0.025
2014 2 1 0.20500000000000002
2014 2 1 0.21500000000000002
2014 2 1 0.31
2014 2 1 0.09000000000000001
2014 2 1 0.025
2014 2 1 0
2014 2 1 0
2014 2 1 0.005
2014 2 1 0.005
2014 2 1 0.055
2014 2 1 0.06
2014 2 1 0.12
2014 2 1 0.15
2014 2 1 0.08499999999999999
2014 2 1 0.035
2014 2 1 0.045
2014 2 1 0.045000000000000005
2014 2 1 0.02
2014 2 1 0.14500000000000002
2014 2 1 0.155
2014 2 1 0.21
2014 2 1 0.07500000000000001
2014 2 1 0.015
2014 2 5 0.07
2014 2 5 0.03
2014 2 5 0.02
2014 2 5 0
2014 2 5 0.005
2014 2 5 0
2014 2 5 0
2014 2 5 0.015
2014 2 5 0.02
2014 2 5 0
2014 2 5 0.005
2014 2 5 0.025
2014 2 5 0
2014 2 5 0.005
2014 2 5 0
2014 2 5 0
2014 2 5 0
2014 2 5 0
2014 2 5 0
2014 2 5 0
2014 2 5 0
2014 2 5 0
2014 2 5 0
2014 2 5 0
2014 2 13 0.025
2014 2 13 0.2
2014 2 13 0.19
2014 2 13 0.305
2014 2 13 0.09000000000000001
2014 2 13 0.025
2014 2 13 0
2014 2 13 0
2014 2 13 0
2014 2 13 0.005
2014 2 13 0.005
2014 2 13 0
2014 2 13 0
2014 2 13 0
2014 2 13 0
2014 2 13 0
2014 2 13 0.005
2014 2 13 0.035
2014 2 13 0.005
2014 2 13 0
2014 2 13 0
2014 2 13 0
2014 2 13 0
2014 2 13 0
2014 3 7 0
2014 3 7 0
2014 3 7 0.005
2014 3 7 0.005
2014 3 7 0.065
2014 3 7 0.1
2014 3 7 0.14500000000000002
2014 3 7 0.225
2014 3 7 0.09000000000000001
2014 3 7 0.01
2014 3 7 0
2014 3 7 0
2014 3 7 0.045
2014 3 7 0.065
2014 3 7 0.04
2014 3 7 0.05
2014 3 7 0.05
2014 3 7 0.02
2014 3 7 0.01
2014 3 7 0
2014 3 7 0
2014 3 7 0
2014 3 7 0
2014 3 7 0
2014 3 17 0.025
2014 3 17 0.01
2014 3 17 0.02
2014 3 17 0.034999999999999996
2014 3 17 0.02
2014 3 17 0.01
2014 3 17 0.005
2014 3 17 0.005
2014 3 17 0
2014 3 17 0
2014 3 17 0
2014 3 17 0
2014 3 17 0.005
2014 3 17 0
2014 3 17 0.01
2014 3 17 0
2014 3 17 0.025
2014 3 17 0.025
2014 3 17 0.025
2014 3 17 0
2014 3 17 0.005
2014 3 17 0.01
2014 3 17 0.034999999999999996
2014 3 17 0.035
2014 3 18 0.02
2014 3 18 0.01
2014 3 18 0.015
2014 3 18 0
2014 3 18 0
2014 3 18 0.005
2014 3 18 0.03
2014 3 18 0.015
2014 3 18 0.005
2014 3 18 0.01
2014 3 18 0.03
2014 3 18 0.025
2014 3 18 0.025
2014 3 18 0.03
2014 3 18 0.035
2014 3 18 0.075
2014 3 18 0.05
2014 3 18 0.005
2014 3 18 0.005
2014 3 18 0
2014 3 18 0
2014 3 18 0
2014 3 18 0
2014 3 18 0
2014 3 25 0
2014 3 25 0
2014 3 25 0
2014 3 25 0
2014 3 25 0
2014 3 25 0
2014 3 25 0
2014 3 25 0
2014 3 25 0
2014 3 25 0
2014 3 25 0
2014 3 25 0
2014 3 25 0.035
2014 3 25 0.04
2014 3 25 0.015
2014 3 25 0.07
2014 3 25 0.1
2014 3 25 0.09
2014 3 25 0.09000000000000001
2014 3 25 0.07
2014 3 25 0.045000000000000005
2014 3 25 0.03
2014 3 25 0.03
2014 3 25 0.01
2014 3 29 0
2014 3 29 0.02
2014 3 29 0.22499999999999998
2014 3 29 0.10500000000000001
2014 3 29 0.07500000000000001
2014 3 29 0.025
2014 3 29 0.015
2014 3 29 0.015
2014 3 29 0.015
2014 3 29 0.035
2014 3 29 0.005
2014 3 29 0
2014 3 29 0
2014 3 29 0
2014 3 29 0.045
2014 3 29 0.06
2014 3 29 0.055
2014 3 29 0.005
2014 3 29 0.005
2014 3 29 0
2014 3 29 0
2014 3 29 0
2014 3 29 0
2014 3 29 0
2014 4 28 0
2014 4 28 0
2014 4 28 0
2014 4 28 0
2014 4 28 0
2014 4 28 0
2014 4 28 0
2014 4 28 0
2014 4 28 0
2014 4 28 0
2014 4 28 0
2014 4 28 0
2014 4 28 0
2014 4 28 0
2014 4 28 0.005
2014 4 28 0.055
2014 4 28 0.055
2014 4 28 0.05500000000000001
2014 4 28 0.17
2014 4 28 0.01
2014 4 28 0
2014 4 28 0.005
2014 4 28 0.02
2014 4 28 0.07
2014 8 2 0
2014 8 2 0.165
2014 8 2 0.585
2014 8 2 0.10999999999999999
2014 8 2 0
2014 8 2 0
2014 8 2 0
2014 8 2 0
2014 8 2 0
2014 8 2 0.05
2014 8 2 0
2014 8 2 0
2014 8 2 0.065
2014 8 2 0.06
2014 8 2 0
2014 8 2 0
2014 8 2 0.005
2014 8 2 0
2014 8 2 0
2014 8 2 0
2014 8 2 0
2014 8 2 0.02
2014 8 2 0.05
2014 8 2 0.01
2014 9 8 0
2014 9 8 0
2014 9 8 0
2014 9 8 0
2014 9 8 0
2014 9 8 0
2014 9 8 0
2014 9 8 0.105
2014 9 8 0.09000000000000001
2014 9 8 0.055
2014 9 8 0.08
2014 9 8 0.055
2014 9 8 0.030000000000000002
2014 9 8 0.02
2014 9 8 0.8350000000000001
2014 9 8 1.36
2014 9 8 0.19499999999999998
2014 9 8 0.04
2014 9 8 0.049999999999999996
2014 9 8 0.005
2014 9 8 0
2014 9 8 0
2014 9 8 0.02
2014 9 8 0.065
2014 9 9 0.07500000000000001
2014 9 9 0.23500000000000001
2014 9 9 0.2
2014 9 9 0.11000000000000001
2014 9 9 0.5900000000000001
2014 9 9 1.075
2014 9 9 0.21500000000000002
2014 9 9 0.005
2014 9 9 0
2014 9 9 0.035
2014 9 9 0
2014 9 9 0.005
2014 9 9 0.005
2014 9 9 0
2014 9 9 0
2014 9 9 0
2014 9 9 0
2014 9 9 0
2014 9 9 0
2014 9 9 0
2014 9 9 0
2014 9 9 0
2014 9 9 0
2014 9 9 0
2014 9 24 0
2014 9 24 0
2014 9 24 0
2014 9 24 0
2014 9 24 0
2014 9 24 0
2014 9 24 0.005
2014 9 24 0.005
2014 9 24 0.035
2014 9 24 0.045
2014 9 24 0.11000000000000001
2014 9 24 0.28
2014 9 24 0.08499999999999999
2014 9 24 0.065
2014 9 24 0.16
2014 9 24 0.185
2014 9 24 0.060000000000000005
2014 9 24 0.135
2014 9 24 0.01
2014 9 24 0.05
2014 9 24 0.034999999999999996
2014 9 24 0.03
2014 9 24 0
2014 9 24 0
2014 11 26 0.025
2014 11 26 0.03
2014 11 26 0.11
2014 11 26 0.125
2014 11 26 0.065
2014 11 26 0.045
2014 11 26 0.045000000000000005
2014 11 26 0.175
2014 11 26 0.19
2014 11 26 0.09000000000000001
2014 11 26 0.17
2014 11 26 0.36500000000000005
2014 11 26 0.255
2014 11 26 0.09
2014 11 26 0.034999999999999996
2014 11 26 0.02
2014 11 26 0.005
2014 11 26 0
2014 11 26 0
2014 11 26 0
2014 11 26 0
2014 11 26 0
2014 11 26 0
2014 11 26 0
2014 12 6 0
2014 12 6 0
2014 12 6 0
2014 12 6 0
2014 12 6 0
2014 12 6 0
2014 12 6 0
2014 12 6 0
2014 12 6 0
2014 12 6 0
2014 12 6 0
2014 12 6 0
2014 12 6 0
2014 12 6 0
2014 12 6 0.02
2014 12 6 0.05499999999999999
2014 12 6 0.04
2014 12 6 0.07500000000000001
2014 12 6 0.04
2014 12 6 0.005
2014 12 6 0
2014 12 6 0.055
2014 12 6 0.07
2014 12 6 0
2014 12 22 0
2014 12 22 0
2014 12 22 0
2014 12 22 0
2014 12 22 0
2014 12 22 0.01
2014 12 22 0.02
2014 12 22 0.095
2014 12 22 0.15500000000000003
2014 12 22 0.155
2014 12 22 0.08
2014 12 22 0.09
2014 12 22 0.045
2014 12 22 0.135
2014 12 22 0.01
2014 12 22 0
2014 12 22 0
2014 12 22 0
2014 12 22 0.01
2014 12 22 0.01
2014 12 22 0.005
2014 12 22 0
2014 12 22 0.005
2014 12 22 0.005
2014 12 24 0.2
2014 12 24 0.15500000000000003
2014 12 24 0.034999999999999996
2014 12 24 0.005
2014 12 24 0
2014 12 24 0
2014 12 24 0
2014 12 24 0
2014 12 24 0
2014 12 24 0.005
2014 12 24 0.02
2014 12 24 0.11499999999999999
2014 12 24 0.45
2014 12 24 0.5800000000000001
2014 12 24 0.165
2014 12 24 0.075
2014 12 24 0.135
2014 12 24 0
2014 12 24 0.075
2014 12 24 0
2014 12 24 0
2014 12 24 0
2014 12 24 0
2014 12 24 0
2014 12 29 0
2014 12 29 0
2014 12 29 0
2014 12 29 0
2014 12 29 0
2014 12 29 0.04
2014 12 29 0.10500000000000001
2014 12 29 0.085
2014 12 29 0.035
2014 12 29 0.045000000000000005
2014 12 29 0.05
2014 12 29 0.06
2014 12 29 0.035
2014 12 29 0.01
2014 12 29 0.01
2014 12 29 0.015
2014 12 29 0.01
2014 12 29 0.005
2014 12 29 0.005
2014 12 29 0
2014 12 29 0
2014 12 29 0
2014 12 29 0.005
2014 12 29 0
2015 5 1 0.02
2015 5 1 0.04
2015 5 1 0.01
2015 5 1 0
2015 5 1 0.01
2015 5 1 0.04
2015 5 1 0.17
2015 5 1 0.12
2015 5 1 0.05
2015 5 1 0.03
2015 5 1 0.08
2015 5 1 0.09
2015 5 1 0.09000000000000001
2015 5 1 0.07
2015 5 1 0.04
2015 5 1 0.09999999999999999
2015 5 1 0.02
2015 5 1 0.01
2015 5 1 0
2015 5 1 0.01
2015 5 1 0
2015 5 1 0
2015 5 1 0
2015 5 1 0
2015 6 26 0.8949999999999999
2015 6 26 0.03
2015 6 26 0.030000000000000002
2015 6 26 0.11500000000000002
2015 6 26 0.005
2015 6 26 0.065
2015 6 26 0.09
2015 6 26 0
2015 6 26 0
2015 6 26 0
2015 6 26 0
2015 6 26 0
2015 6 26 0.125
2015 6 26 0
2015 6 26 0
2015 6 26 0
2015 6 26 0
2015 6 26 0
2015 6 26 0
2015 6 26 0
2015 6 26 0
2015 6 26 0
2015 6 26 0
2015 6 26 0
2015 9 26 0.015
2015 9 26 0.025
2015 9 26 0.045
2015 9 26 0.07
2015 9 26 0.060000000000000005
2015 9 26 0.035
2015 9 26 0.030000000000000002
2015 9 26 0.034999999999999996
2015 9 26 0.005
2015 9 26 0.005
2015 9 26 0.01
2015 9 26 0.065
2015 9 26 0.035
2015 9 26 0.07
2015 9 26 0.03
2015 9 26 0.03
2015 9 26 0.01
2015 9 26 0.005
2015 9 26 0
2015 9 26 0
2015 9 26 0
2015 9 26 0
2015 9 26 0
2015 9 26 0
2015 10 1 0.29500000000000004
2015 10 1 0.19
2015 10 1 0.034999999999999996
2015 10 1 0.01
2015 10 1 0.01
2015 10 1 0.005
2015 10 1 0.01
2015 10 1 0
2015 10 1 0.035
2015 10 1 0.08500000000000002
2015 10 1 0.035
2015 10 1 0.025
2015 10 1 0.11
2015 10 1 0.065
2015 10 1 0.085
2015 10 1 0.07500000000000001
2015 10 1 0.039999999999999994
2015 10 1 0.035
2015 10 1 0.015
2015 10 1 0.015
2015 10 1 0.01
2015 10 1 0
2015 10 1 0.06
2015 10 1 0.08
2015 10 2 0.185
2015 10 2 0.28
2015 10 2 0.34500000000000003
2015 10 2 0.165
2015 10 2 0.21
2015 10 2 0.6799999999999999
2015 10 2 0.165
2015 10 2 0.07
2015 10 2 0.21
2015 10 2 0.375
2015 10 2 0.375
2015 10 2 0.4650000000000001
2015 10 2 0.09500000000000001
2015 10 2 0.045
2015 10 2 0.02
2015 10 2 0.005
2015 10 2 0.005
2015 10 2 0
2015 10 2 0.03
2015 10 2 0
2015 10 2 0.025
2015 10 2 0.015
2015 10 2 0.23000000000000004
2015 10 2 0.265
2015 11 2 0.01
2015 11 2 0.04
2015 11 2 0.04
2015 11 2 0.02
2015 11 2 0.06999999999999999
2015 11 2 0.105
2015 11 2 0.03
2015 11 2 0.125
2015 11 2 0.10500000000000001
2015 11 2 0.25500000000000006
2015 11 2 0.18500000000000003
2015 11 2 0.13999999999999999
2015 11 2 0.125
2015 11 2 0.09000000000000001
2015 11 2 0.085
2015 11 2 0.075
2015 11 2 0.015
2015 11 2 0.005
2015 11 2 0.005
2015 11 2 0
2015 11 2 0
2015 11 2 0
2015 11 2 0.005
2015 11 2 0.005
2015 11 9 0
2015 11 9 0
2015 11 9 0
2015 11 9 0
2015 11 9 0
2015 11 9 0
2015 11 9 0
2015 11 9 0
2015 11 9 0.005
2015 11 9 0.005
2015 11 9 0
2015 11 9 0
2015 11 9 0.05
2015 11 9 0.005
2015 11 9 0
2015 11 9 0.005
2015 11 9 0.01
2015 11 9 0.015
2015 11 9 0.055
2015 11 9 0.125
2015 11 9 0.09500000000000001
2015 11 9 0.24
2015 11 9 0.16500000000000004
2015 11 9 0.035
2015 12 23 0
2015 12 23 0
2015 12 23 0
2015 12 23 0.085
2015 12 23 0.07500000000000001
2015 12 23 0.01
2015 12 23 0.01
2015 12 23 0
2015 12 23 0
2015 12 23 0.10500000000000001
2015 12 23 0
2015 12 23 0
2015 12 23 0.035
2015 12 23 0.05
2015 12 23 0.015
2015 12 23 0
2015 12 23 0
2015 12 23 0
2015 12 23 0
2015 12 23 0
2015 12 23 0
2015 12 23 0
2015 12 23 0.005
2015 12 23 0.025
2015 12 30 0
2015 12 30 0
2015 12 30 0
2015 12 30 0
2015 12 30 0
2015 12 30 0
2015 12 30 0
2015 12 30 0
2015 12 30 0
2015 12 30 0
2015 12 30 0
2015 12 30 0
2015 12 30 0.015
2015 12 30 0.265
2015 12 30 0.26
2015 12 30 0.08
2015 12 30 0.01
2015 12 30 0.02
2015 12 30 0.035
2015 12 30 0.05500000000000001
2015 12 30 0.01
2015 12 30 0.005
2015 12 30 0.01
2015 12 30 0.02
2016 1 17 0
2016 1 17 0
2016 1 17 0
2016 1 17 0
2016 1 17 0
2016 1 17 0
2016 1 17 0
2016 1 17 0
2016 1 17 0
2016 1 17 0.025
2016 1 17 0.14500000000000002
2016 1 17 0.085
2016 1 17 0.055
2016 1 17 0.04
2016 1 17 0.08499999999999999
2016 1 17 0.045000000000000005
2016 1 17 0.025
2016 1 17 0.01
2016 1 17 0.01
2016 1 17 0.005
2016 1 17 0
2016 1 17 0
2016 1 17 0
2016 1 17 0
2016 1 23 0.265
2016 1 23 0.6050000000000001
2016 1 23 0.04
2016 1 23 0
2016 1 23 0.015
2016 1 23 0.02
2016 1 23 0.01
2016 1 23 0.015
2016 1 23 0.03
2016 1 23 0.03
2016 1 23 0.015
2016 1 23 0
2016 1 23 0
2016 1 23 0
2016 1 23 0
2016 1 23 0
2016 1 23 0
2016 1 23 0
2016 1 23 0
2016 1 23 0
2016 1 23 0
2016 1 23 0
2016 1 23 0
2016 1 23 0
2016 2 4 0.11000000000000001
2016 2 4 0.085
2016 2 4 0.02
2016 2 4 0
2016 2 4 0
2016 2 4 0
2016 2 4 0
2016 2 4 0
2016 2 4 0.015
2016 2 4 0.11
2016 2 4 0.315
2016 2 4 0.375
2016 2 4 0.03
2016 2 4 0.12000000000000001
2016 2 4 0.065
2016 2 4 0.125
2016 2 4 0.14500000000000002
2016 2 4 0.030000000000000002
2016 2 4 0.01
2016 2 4 0.085
2016 2 4 0.01
2016 2 4 0.005
2016 2 4 0.005
2016 2 4 0.015